0.595
0.441
0.379
0.412
0.449
0.447
0.431
0.429
0.439
0.445
0.443
0.438
0.436
0.434
0.432
0.427
0.422
0.415
0.407
0.399
0.39
0.381
0.371
0.36
0.35
0.34
0.33
0.318
0.313
0.301
0.297
0.291
0.288
0.285
0.281
0.281
0.277
0.283
0.281
0.285
0.282
0.285
0.286
0.291
0.29
0.295
0.296
0.299
0.3
0.305
0.483
0.389
0.369
0.366
0.369
0.374
0.375
0.373
0.371
0.37
0.368
0.366
0.365
0.364
0.365
0.365
0.366
0.369
0.37
0.372
0.373
0.375
0.374
0.376
0.379
0.379
0.379
0.381
0.383
0.382
0.383
0.381
0.384
0.383
0.384
0.383
0.384
0.384
0.385
0.386
0.385
0.386
0.386
0.387
0.387
0.388
0.389
0.388
0.39
0.39
0.497
0.448
0.436
0.43
0.417
0.404
0.396
0.39
0.383
0.379
0.374
0.37
0.367
0.367
0.366
0.367
0.37
0.37
0.372
0.376
0.379
0.379
0.381
0.384
0.385
0.386
0.387
0.39
0.39
0.391
0.391
0.392
0.391
0.392
0.391
0.391
0.391
0.39
0.39
0.391
0.391
0.39
0.39
0.39
0.389
0.39
0.388
0.389
0.388
0.388